6.80800008774 0.0
6.97399997711 0.0
7.1400001049 0.0
7.2990000248 0.0
7.46000003815 0.0
7.63000011444 0.0
7.79999995232 0.0
7.96200013161 0.0
8.11899995804 0.0
8.28600001335 0.0
8.45499992371 0.0
8.61599993706 0.0
8.78299999237 0.0
8.9470000267 0.0
9.11599993706 0.0
9.27900004387 0.0
9.43600010872 0.0
9.60299992561 0.0
9.77099990845 0.0
9.9319999218 0.0
10.0950000286 0.0
10.2660000324 0.0
10.2809998989 6.0
10.3120000362 4.0
10.3489999771 3.0
10.3959999084 11.0
10.4279999733 2.0
10.4490001202 15.0
10.4800000191 2.0
10.510999918 0.0
10.5490000248 6.0
10.5799999237 4.0
10.6119999886 3.0
10.6489999294 0.0
10.6809999943 6.0
10.7799999714 0.0
10.8120000362 6.0
10.8489999771 4.0
10.9530000687 0.0
11.1150000095 0.0
11.2829999924 0.0
11.4409999847 0.0
11.6070001125 0.0
11.6449999809 6.0
11.6760001183 4.0
11.7769999504 0.0
11.9460000992 0.0
12.0959999561 0.0
12.1270000935 3.0
12.2650001049 0.0
12.4279999733 0.0
12.5959999561 0.0
12.7539999485 0.0
12.7850000858 6.0
12.9300000668 0.0
13.0840001106 0.0
13.253000021 0.0
13.4160001278 0.0
13.5850000381 0.0
13.7550001144 0.0
13.9170000553 0.0
14.0699999332 0.0
14.2479999065 0.0
14.4059998989 0.0
14.5769999027 0.0
14.7400000095 0.0
14.8940000534 0.0
15.0659999847 0.0
15.2290000916 0.0
15.3980000019 0.0
15.5480000973 0.0
15.7179999352 0.0
15.8910000324 0.0
15.9219999313 7.0
15.9539999962 4.0
15.9749999046 3.0
16.0220000744 12.0
16.0529999733 2.0
16.0910000801 12.0
16.121999979 3.0
16.1530001163 0.0
16.1909999847 6.0
16.2220001221 3.0
16.253000021 3.0
16.2910001278 0.0
16.4100000858 0.0
16.5840001106 0.0
16.5999999046 6.0
16.742000103 0.0
16.7780001163 6.0
16.9110000134 0.0
17.0780000687 0.0
17.2300000191 0.0
17.3989999294 0.0
17.5640001297 0.0
17.5999999046 6.0
17.631000042 4.0
17.6630001068 3.0
17.7320001125 0.0
17.888999939 0.0
18.0640001297 0.0
18.2179999352 0.0
18.3870000839 0.0
18.5539999008 0.0
18.7149999142 0.0
18.8770000935 0.0
19.0460000038 0.0
19.2030000687 0.0
19.370000124 0.0
19.5399999619 0.0
19.7090001106 0.0
19.8580000401 0.0
19.9100000858 6.0
20.0309998989 0.0
20.1949999332 0.0
20.364000082 0.0
20.3949999809 6.0
20.4170000553 4.0
20.4479999542 3.0
20.4790000916 15.0
20.5169999599 2.0
20.5640001297 0.0
20.5950000286 6.0
20.7190001011 0.0
20.8849999905 0.0
20.9230000973 6.0
21.0550000668 0.0
21.0859999657 6.0
21.2230000496 0.0
21.3789999485 0.0
21.4100000858 1.0
21.5480000973 0.0
21.7109999657 0.0
21.7330000401 6.0
21.763999939 4.0
21.8800001144 0.0
21.9110000134 5.0
22.0329999924 0.0
22.1949999332 0.0
22.2330000401 6.0
22.263999939 3.0
22.364000082 0.0
22.5350000858 0.0
22.5659999847 6.0
22.5980000496 3.0
22.6349999905 3.0
22.6670000553 9.0
22.6979999542 2.0
22.7350001335 21.0
22.7669999599 2.0
22.7980000973 4.0
22.8359999657 5.0
22.867000103 2.0
22.8980000019 0.0
22.9360001087 2.0
22.9670000076 0.0
22.9990000725 6.0
23.0360000134 4.0
23.0989999771 0.0
23.2539999485 0.0
23.4200000763 0.0
23.5889999866 0.0
23.757999897 0.0
23.9089999199 0.0
24.0799999237 0.0
24.2520000935 0.0
24.4160001278 0.0
24.5710000992 0.0
24.7369999886 0.0
24.9040000439 0.0
25.0599999428 0.0
25.2239999771 0.0
25.3940000534 0.0
25.5669999123 0.0
25.7179999352 0.0
25.888999939 0.0
26.0520000458 0.0
26.2100000381 0.0
26.385999918 0.0
26.5410001278 0.0
26.7149999142 0.0
26.878000021 0.0
27.0320000648 0.0
27.2030000687 0.0
27.3629999161 0.0
27.5320000648 0.0
27.7009999752 0.0
27.8589999676 0.0
28.0220000744 0.0
28.1840000153 0.0
28.3559999466 0.0
28.5180001259 0.0
28.6840000153 0.0
28.8529999256 0.0
29.0039999485 0.0
29.1800000668 0.0
29.3370001316 0.0
29.503000021 0.0
29.6719999313 0.0
29.8420000076 0.0
29.9930000305 0.0
30.1700000763 0.0
30.3199999332 0.0
30.489000082 0.0
30.6619999409 0.0
30.8129999638 0.0
30.986000061 0.0
31.1459999084 0.0
31.3190000057 0.0
31.4700000286 0.0
31.6370000839 0.0
31.8029999733 0.0
31.9790000916 0.0
32.1300001144 0.0
32.3029999733 0.0
32.4630000591 0.0
32.635999918 0.0
32.7990000248 0.0
32.9570000172 0.0
33.1259999275 0.0
33.2939999104 0.0
33.4460000992 0.0
33.6159999371 0.0
33.7780001163 0.0
33.9470000267 0.0
34.1159999371 0.0
34.2799999714 0.0
34.4319999218 0.0
34.4639999866 6.0
34.5020000935 4.0
34.6059999466 0.0
34.6370000839 6.0
34.7720000744 0.0
34.7880001068 6.0
34.9300000668 0.0
34.9609999657 6.0
35.0940001011 0.0
35.131000042 6.0
35.2630000114 0.0
35.2939999104 6.0
35.3159999847 3.0
35.4319999218 0.0
35.5940001011 0.0
35.7479999065 0.0
35.9210000038 0.0
36.0880000591 0.0
36.2490000725 0.0
36.4079999924 0.0
36.5789999962 0.0
36.7369999886 0.0
36.9040000439 0.0
37.0729999542 0.0
37.2409999371 0.0
37.2620000839 6.0
37.2929999828 4.0
37.3240001202 3.0
37.3619999886 10.0
37.3930001259 2.0
37.4240000248 15.0
37.4620001316 2.0
37.4930000305 4.0
37.5250000954 5.0
37.5620000362 2.0
37.5940001011 0.0
37.625 2.0
37.6630001068 6.0
37.6940000057 4.0
37.7249999046 3.0
37.7630000114 13.0
37.7939999104 2.0
37.8259999752 0.0
37.8629999161 0.0
37.9960000515 0.0
38.1530001163 0.0
38.3199999332 0.0
38.489000082 0.0
38.6579999924 0.0
38.8129999638 0.0
38.986000061 0.0
39.1380000114 0.0
39.3029999733 0.0
39.4800000191 0.0
39.6300001144 0.0
39.8029999733 0.0
39.9700000286 0.0
40.1229999065 0.0
40.2999999523 0.0
40.4509999752 0.0
40.628000021 0.0
40.7939999104 0.0
40.9479999542 0.0
41.1210000515 0.0
41.2880001068 0.0
41.4490001202 0.0
41.6150000095 0.0
41.7690000534 0.0
41.9400000572 0.0
42.1029999256 0.0
42.2720000744 0.0
42.4390001297 0.0
42.5920000076 0.0
42.760999918 0.0
42.9270000458 0.0
43.0940001011 0.0
43.25 0.0
43.4119999409 0.0
43.5810000896 0.0
43.7539999485 0.0
43.9059998989 0.0
44.0740001202 0.0
44.2409999371 0.0
44.4119999409 0.0
44.5669999123 0.0
44.7290000916 0.0
44.8970000744 0.0
45.0659999847 0.0
45.2290000916 0.0
45.3980000019 0.0
45.5629999638 0.0
45.7130000591 0.0
45.8819999695 0.0
46.0460000038 0.0
46.2149999142 0.0
46.3849999905 0.0
46.5480000973 0.0
46.7009999752 0.0
46.870000124 0.0
47.0339999199 0.0
47.2030000687 0.0
47.3710000515 0.0
47.5350000858 0.0
47.6890001297 0.0
47.8529999256 0.0
48.0220000744 0.0
48.1919999123 0.0
48.3550000191 0.0
48.507999897 0.0
48.6830000877 0.0
48.8450000286 0.0
49.0150001049 0.0
49.1800000668 0.0
49.3350000381 0.0
49.5009999275 0.0
49.6619999409 0.0
49.8310000896 0.0
50.0020000935 0.0
50.1530001163 0.0
50.3159999847 0.0
50.493999958 0.0
50.6489999294 0.0
50.8229999542 0.0
50.9739999771 0.0
51.1500000954 0.0
51.3159999847 0.0
51.4690001011 0.0
51.6419999599 0.0
51.8090000153 0.0
51.9700000286 0.0
52.135999918 0.0
52.2899999619 0.0
52.4679999352 0.0
52.620000124 0.0
52.7820000648 0.0
52.9609999657 0.0
53.1150000095 0.0
53.2890000343 0.0
53.4400000572 0.0
53.614000082 0.0
53.7780001163 0.0
53.9460000992 0.0
54.0999999046 0.0
54.2620000839 0.0
54.4319999218 0.0
54.6050000191 0.0
54.7569999695 0.0
54.9340000153 0.0
55.0959999561 0.0
55.25 0.0
55.4219999313 0.0
55.5889999866 0.0
55.7490000725 0.0
55.9149999619 0.0
56.0820000172 0.0
56.2400000095 0.0
56.4030001163 0.0
56.5720000267 0.0
56.7430000305 0.0
56.8980000019 0.0
57.0659999847 0.0
57.2290000916 0.0
57.3980000019 0.0
57.5520000458 0.0
57.7149999142 0.0
57.8849999905 0.0
58.0529999733 0.0
58.2130000591 0.0
58.3849999905 0.0
58.5510001183 0.0
58.7039999962 0.0
58.871999979 0.0
59.0369999409 0.0
59.2060000896 0.0
59.3600001335 0.0
59.5260000229 0.0
59.6960000992 0.0
59.8659999371 0.0
60.0180001259 0.0
60.1909999847 0.0
60.3570001125 0.0
60.510999918 0.0
60.5420000553 6.0
60.6809999943 0.0
60.8459999561 0.0
61.0160000324 0.0
61.1819999218 0.0
61.3359999657 0.0
61.5099999905 0.0
61.5260000229 6.0
61.5729999542 4.0
61.5940001011 3.0
61.6410000324 11.0
61.6719999313 2.0
61.7100000381 12.0
61.7409999371 0.0
61.7720000744 6.0
61.871999979 0.0
62.0260000229 0.0
62.0569999218 6.0
62.1990001202 0.0
62.2300000191 6.0
62.2620000839 4.0
62.3619999886 0.0
62.3970000744 3.0
62.5309998989 0.0
62.6960000992 0.0
62.8510000706 0.0
63.0120000839 0.0
63.1789999008 0.0
63.3499999046 0.0
63.5190000534 0.0
63.6700000763 0.0
63.8470001221 0.0
64.010999918 0.0
64.1649999619 0.0
64.3399999142 0.0
64.5050001144 0.0
64.6559998989 0.0
64.8210000992 0.0
64.9900000095 0.0
65.1630001068 0.0
65.1789999008 6.0
65.2260000706 3.0
65.260999918 3.0
65.2950000763 9.0
65.3259999752 2.0
65.3629999161 18.0
65.3949999809 0.0
65.5130000114 0.0
65.6860001087 0.0
65.7170000076 3.0
65.7479999065 4.0
65.7860000134 3.0
65.8169999123 11.0
65.8489999771 0.0
65.885999918 6.0
65.9179999828 3.0
65.9490001202 3.0
65.9869999886 10.0
66.0180001259 0.0
66.1710000038 0.0
66.3380000591 0.0
66.5069999695 0.0
66.5380001068 6.0
66.5759999752 3.0
66.6070001125 3.0
66.6380000114 8.0
66.6760001183 2.0
66.7070000172 0.0
66.8759999275 0.0
67.0299999714 0.0
67.0610001087 24.0
67.0989999771 4.0
67.2009999752 0.0
67.2320001125 6.0
67.3659999371 0.0
67.3880000114 6.0
67.4200000763 4.0
67.5199999809 0.0
67.6970000267 0.0
67.8619999886 0.0
67.878000021 6.0
68.0150001049 0.0
68.0469999313 3.0
68.0780000687 4.0
68.1789999008 0.0
68.3519999981 0.0
68.5130000114 0.0
68.6789999008 0.0
68.8480000496 0.0
69.0150001049 0.0
69.1789999008 0.0
69.3359999657 0.0
69.5069999695 0.0
69.6719999313 0.0
69.8289999962 0.0
69.9869999886 0.0
70.1649999619 0.0
70.3159999847 0.0
70.489000082 0.0
70.6500000954 0.0
70.8169999123 0.0
70.9869999886 0.0
71.1519999504 0.0
71.3039999008 0.0
71.4730000496 0.0
71.638999939 0.0
71.8090000153 0.0
71.9620001316 0.0
72.128000021 0.0
72.2969999313 0.0
72.4670000076 0.0
72.618999958 0.0
72.7960000038 0.0
72.9460000992 0.0
73.114000082 0.0
73.2869999409 0.0
73.4539999962 0.0
73.611000061 0.0
73.7780001163 0.0
73.9319999218 0.0
74.1059999466 0.0
74.2730000019 0.0
74.4340000153 0.0
74.6010000706 0.0
74.7550001144 0.0
74.9330000877 0.0
75.0950000286 0.0
75.25 0.0
75.4119999409 0.0
75.5850000381 0.0
75.7460000515 0.0
75.9130001068 0.0
76.0829999447 0.0
76.2339999676 0.0
76.4049999714 0.0
76.5659999847 0.0
76.7290000916 0.0
76.8989999294 0.0
77.0710000992 0.0
77.2350001335 0.0
77.3910000324 0.0
77.5590000153 0.0
77.7279999256 0.0
77.882999897 0.0
78.0460000038 0.0
78.2149999142 0.0
78.385999918 0.0
78.5369999409 0.0
78.7079999447 0.0
78.878000021 0.0
79.0320000648 0.0
79.2049999237 0.0
79.3710000515 0.0
79.5269999504 0.0
79.6860001087 0.0
79.8550000191 0.0
80.0290000439 0.0
80.1800000668 0.0
80.3529999256 0.0
80.5199999809 0.0
80.6749999523 0.0
80.8510000706 0.0
81.003000021 0.0
81.1800000668 0.0
81.3420000076 0.0
81.4960000515 0.0
81.6679999828 0.0
81.8350000381 0.0
81.9960000515 0.0
82.1610000134 0.0
82.3159999847 0.0
82.4869999886 0.0
82.6530001163 0.0
82.8229999542 0.0
82.9879999161 0.0
83.1430001259 0.0
83.3029999733 0.0
83.4700000286 0.0
83.638999939 0.0
83.8110001087 0.0
83.9620001316 0.0
84.135999918 0.0
84.3029999733 0.0
84.4679999352 0.0
84.632999897 0.0
84.7960000038 0.0
84.9530000687 0.0
85.117000103 0.0
85.2869999409 0.0
85.4530000687 0.0
85.6040000916 0.0
85.7809998989 0.0
85.9430000782 0.0
86.0970001221 0.0
86.2699999809 0.0
86.4370000362 0.0
86.5940001011 0.0
86.760999918 0.0
86.9300000668 0.0
87.0870001316 0.0
87.25 0.0
87.4230000973 0.0
87.5920000076 0.0
87.746999979 0.0
87.9200000763 0.0
88.0710000992 0.0
88.2400000095 0.0
88.4140000343 0.0
88.5629999638 0.0
88.7320001125 0.0
88.8989999294 0.0
89.0680000782 0.0
89.2290000916 0.0
89.3959999084 0.0
89.5529999733 0.0
89.7200000286 0.0
89.8910000324 0.0
90.0520000458 0.0
90.2179999352 0.0
90.3759999275 0.0
90.4070000648 6.0
90.5420000553 0.0
90.7130000591 0.0
90.870000124 0.0
90.9019999504 7.0
91.0369999409 0.0
91.0740001202 6.0
91.1059999466 4.0
91.1370000839 3.0
91.2100000381 0.0
91.2249999046 6.0
91.2739999294 3.0
91.375 0.0
91.3910000324 6.0
91.4379999638 3.0
91.4709999561 3.0
91.4909999371 10.0
91.5220000744 2.0
91.5729999542 0.0
91.5910000801 6.0
91.6229999065 3.0
91.6740000248 3.0
91.7070000172 9.0
91.739000082 2.0
91.7739999294 0.0
91.7920000553 6.0
91.8389999866 3.0
91.8759999275 3.0
91.9230000973 0.0
92.0999999046 0.0
92.2509999275 0.0
92.4240000248 0.0
92.5940001011 0.0
92.746999979 0.0
92.9200000763 0.0
93.0859999657 0.0
93.1089999676 6.0
93.239000082 0.0
93.4160001278 0.0
93.4319999218 6.0
93.5780000687 0.0
93.6100001335 3.0
93.632999897 4.0
93.6640000343 3.0
93.6949999332 10.0
93.7330000401 2.0
93.763999939 0.0
93.9360001087 0.0
94.1040000916 0.0
94.125 6.0
94.2599999905 0.0
94.4360001087 0.0
94.5870001316 0.0
94.763999939 0.0
94.7950000763 6.0
94.9279999733 0.0
95.0810000896 0.0
95.2539999485 0.0
95.4200000763 0.0
95.5810000896 0.0
95.7400000095 0.0
95.9130001068 0.0
96.0710000992 0.0
96.2369999886 0.0
96.4070000648 0.0
96.5740001202 0.0
96.7300000191 0.0
96.9030001163 0.0
97.0539999008 0.0
97.2230000496 0.0
97.3919999599 0.0
97.5599999428 0.0
97.7249999046 0.0
97.8770000935 0.0
98.0450000763 0.0
98.2079999447 0.0
98.378000021 0.0
98.5320000648 0.0
98.7109999657 0.0
98.864000082 0.0
99.0339999199 0.0
99.1960000992 0.0
99.3650000095 0.0
99.5339999199 0.0
99.6830000877 0.0
99.8589999676 0.0
100.01699996 0.0
100.186000109 0.0
100.342000008 0.0
100.519999981 0.0
100.674000025 0.0
100.842999935 0.0
101.006000042 0.0
